1.365 0.8268 2.46 0.34668
2.46 0.34668 3.405 -0.8802
3.405 -0.8802 3.315 -2.2398
3.315 -2.2398 2.205 -3.3336
2.205 -3.3336 1.29 -3.6936
1.29 -3.6936 -1.08 -3.7998
-1.08 -3.7998 -3.615 -3.7464
-3.615 -3.7464 -5.04 -3.1068
-5.04 -3.1068 -5.805 -2.0802
-5.805 -2.0802 -5.955 -0.8532
-5.955 -0.8532 -4.995 0.34668
-4.995 0.34668 -3.405 0.9066
-3.405 0.9066 -1.47 0.8664
-1.47 0.8664 1.365 0.8268
1.11 -0.8664 1.635 -1.3734
1.635 -1.3734 1.455 -1.8534
1.455 -1.8534 1.02 -2.0802
1.02 -2.0802 -3.495 -2.0664
-3.495 -2.0664 -4.065 -1.56
-4.065 -1.56 -3.915 -1.0266
-3.915 -1.0266 -3.465 -0.7068
-3.465 -0.7068 1.11 -0.8664