8.334 0.0578 10.0 -3.988
10.0 -3.988 10.834 -4.914
10.834 -4.914 16.666 -5.606
16.666 -5.606 19.584 -7.168
19.584 -7.168 19.834 -11.33
19.834 -11.33 18.166 -13.18
18.166 -13.18 14.25 -14.45
14.25 -14.45 5.25 -14.394
5.25 -14.394 2.5 -13.468
2.5 -13.468 0.8334 -11.098
0.8334 -11.098 -0.4166 -9.248
-0.4166 -9.248 -7.666 -8.902
-7.666 -8.902 -11.25 -8.498
-11.25 -8.498 -14.0 -6.82
-14.0 -6.82 -15.334 -3.816
-15.334 -3.816 -13.416 -0.6936
-13.416 -0.6936 -10.084 0.9248
-10.084 0.9248 -3.416 0.9248
-3.416 0.9248 4.75 0.9826
4.75 0.9826 8.334 0.0578
6.5 -2.312 8.084 -6.532
8.084 -6.532 15.75 -8.208
15.75 -8.208 15.834 -11.156
15.834 -11.156 10.416 -12.196
10.416 -12.196 5.666 -11.908
5.666 -11.908 3.666 -9.248
3.666 -9.248 2.084 -7.284
2.084 -7.284 -4.5 -6.416
-4.5 -6.416 -8.666 -6.416
-8.666 -6.416 -11.584 -4.566
-11.584 -4.566 -9.084 -1.2716
-9.084 -1.2716 -0.25 -1.2138
-0.25 -1.2138 2.75 -1.156
2.75 -1.156 6.5 -2.312