2.275e+00 1.378e+00 4.100e+00 5.778e-01
4.100e+00 5.778e-01 5.675e+00 -1.467e+00
5.675e+00 -1.467e+00 5.525e+00 -3.733e+00
5.525e+00 -3.733e+00 3.675e+00 -5.556e+00
3.675e+00 -5.556e+00 2.150e+00 -6.156e+00
2.150e+00 -6.156e+00 -1.800e+00 -6.333e+00
-1.800e+00 -6.333e+00 -6.025e+00 -6.244e+00
-6.025e+00 -6.244e+00 -8.400e+00 -5.178e+00
-8.400e+00 -5.178e+00 -9.675e+00 -3.467e+00
-9.675e+00 -3.467e+00 -9.925e+00 -1.422e+00
-9.925e+00 -1.422e+00 -8.325e+00 5.778e-01
-8.325e+00 5.778e-01 -5.675e+00 1.511e+00
-5.675e+00 1.511e+00 -2.450e+00 1.444e+00
-2.450e+00 1.444e+00 2.275e+00 1.378e+00
1.850e+00 -1.444e+00 2.725e+00 -2.289e+00
2.725e+00 -2.289e+00 2.425e+00 -3.089e+00
2.425e+00 -3.089e+00 1.700e+00 -3.467e+00
1.700e+00 -3.467e+00 -5.825e+00 -3.444e+00
-5.825e+00 -3.444e+00 -6.775e+00 -2.600e+00
-6.775e+00 -2.600e+00 -6.525e+00 -1.711e+00
-6.525e+00 -1.711e+00 -5.775e+00 -1.178e+00
-5.775e+00 -1.178e+00 1.850e+00 -1.444e+00
