4.167e+00 2.890e-02 5.000e+00 -1.994e+00
5.000e+00 -1.994e+00 5.417e+00 -2.457e+00
5.417e+00 -2.457e+00 8.333e+00 -2.803e+00
8.333e+00 -2.803e+00 9.792e+00 -3.584e+00
9.792e+00 -3.584e+00 9.917e+00 -5.665e+00
9.917e+00 -5.665e+00 9.083e+00 -6.590e+00
9.083e+00 -6.590e+00 7.125e+00 -7.225e+00
7.125e+00 -7.225e+00 2.625e+00 -7.197e+00
2.625e+00 -7.197e+00 1.250e+00 -6.734e+00
1.250e+00 -6.734e+00 4.167e-01 -5.549e+00
4.167e-01 -5.549e+00 -2.083e-01 -4.624e+00
-2.083e-01 -4.624e+00 -3.833e+00 -4.451e+00
-3.833e+00 -4.451e+00 -5.625e+00 -4.249e+00
-5.625e+00 -4.249e+00 -7.000e+00 -3.410e+00
-7.000e+00 -3.410e+00 -7.667e+00 -1.908e+00
-7.667e+00 -1.908e+00 -6.708e+00 -3.468e-01
-6.708e+00 -3.468e-01 -5.042e+00 4.624e-01
-5.042e+00 4.624e-01 -1.708e+00 4.624e-01
-1.708e+00 4.624e-01 2.375e+00 4.913e-01
2.375e+00 4.913e-01 4.167e+00 2.890e-02
3.250e+00 -1.156e+00 4.042e+00 -3.266e+00
4.042e+00 -3.266e+00 7.875e+00 -4.104e+00
7.875e+00 -4.104e+00 7.917e+00 -5.578e+00
7.917e+00 -5.578e+00 5.208e+00 -6.098e+00
5.208e+00 -6.098e+00 2.833e+00 -5.954e+00
2.833e+00 -5.954e+00 1.833e+00 -4.624e+00
1.833e+00 -4.624e+00 1.042e+00 -3.642e+00
1.042e+00 -3.642e+00 -2.250e+00 -3.208e+00
-2.250e+00 -3.208e+00 -4.333e+00 -3.208e+00
-4.333e+00 -3.208e+00 -5.792e+00 -2.283e+00
-5.792e+00 -2.283e+00 -4.542e+00 -6.358e-01
-4.542e+00 -6.358e-01 -1.250e-01 -6.069e-01
-1.250e-01 -6.069e-01 1.375e+00 -5.780e-01
1.375e+00 -5.780e-01 3.250e+00 -1.156e+00
