0.000e+00 0.000e+00
1.000e-03 1.040e-01
2.000e-03 2.080e-01
3.000e-03 3.120e-01
4.000e-03 4.160e-01
5.000e-03 5.200e-01
6.000e-03 6.240e-01
7.000e-03 7.280e-01
8.000e-03 8.320e-01
9.000e-03 9.360e-01
1.000e-02 1.040e+00
-4.500e-02 1.123e+00
-1.000e-01 1.206e+00
-1.550e-01 1.289e+00
-2.100e-01 1.372e+00
-2.650e-01 1.455e+00
-3.200e-01 1.538e+00
-3.750e-01 1.621e+00
-4.300e-01 1.704e+00
-4.850e-01 1.787e+00
-5.400e-01 1.870e+00
-6.140e-01 1.921e+00
-6.880e-01 1.972e+00
-7.620e-01 2.023e+00
-8.360e-01 2.074e+00
-9.100e-01 2.125e+00
-9.840e-01 2.176e+00
-1.058e+00 2.227e+00
-1.132e+00 2.278e+00
-1.206e+00 2.329e+00
-1.280e+00 2.380e+00
-1.378e+00 2.343e+00
-1.476e+00 2.306e+00
-1.574e+00 2.269e+00
-1.672e+00 2.232e+00
-1.770e+00 2.195e+00
-1.868e+00 2.158e+00
-1.966e+00 2.121e+00
-2.064e+00 2.084e+00
-2.162e+00 2.047e+00
-2.260e+00 2.010e+00
-2.323e+00 1.922e+00
-2.386e+00 1.834e+00
-2.449e+00 1.746e+00
-2.512e+00 1.658e+00
-2.575e+00 1.570e+00
-2.638e+00 1.482e+00
-2.701e+00 1.394e+00
-2.764e+00 1.306e+00
-2.827e+00 1.218e+00
-2.890e+00 1.130e+00
-2.898e+00 1.002e+00
-2.906e+00 8.740e-01
-2.914e+00 7.460e-01
-2.922e+00 6.180e-01
-2.930e+00 4.900e-01
-2.938e+00 3.620e-01
-2.946e+00 2.340e-01
-2.954e+00 1.060e-01
-2.962e+00 -2.200e-02
-2.970e+00 -1.500e-01
-2.969e+00 -2.760e-01
-2.968e+00 -4.020e-01
-2.967e+00 -5.280e-01
-2.966e+00 -6.540e-01
-2.965e+00 -7.800e-01
-2.964e+00 -9.060e-01
-2.963e+00 -1.032e+00
-2.962e+00 -1.158e+00
-2.961e+00 -1.284e+00
-2.960e+00 -1.410e+00
-2.959e+00 -1.545e+00
-2.958e+00 -1.680e+00
-2.957e+00 -1.815e+00
-2.956e+00 -1.950e+00
-2.955e+00 -2.085e+00
-2.954e+00 -2.220e+00
-2.953e+00 -2.355e+00
-2.952e+00 -2.490e+00
-2.951e+00 -2.625e+00
-2.950e+00 -2.760e+00
-2.931e+00 -2.871e+00
-2.912e+00 -2.982e+00
-2.893e+00 -3.093e+00
-2.874e+00 -3.204e+00
-2.855e+00 -3.315e+00
-2.836e+00 -3.426e+00
-2.817e+00 -3.537e+00
-2.798e+00 -3.648e+00
-2.779e+00 -3.759e+00
-2.760e+00 -3.870e+00
-2.693e+00 -3.957e+00
-2.626e+00 -4.044e+00
-2.559e+00 -4.131e+00
-2.492e+00 -4.218e+00
-2.425e+00 -4.305e+00
-2.358e+00 -4.392e+00
-2.291e+00 -4.479e+00
-2.224e+00 -4.566e+00
-2.157e+00 -4.653e+00
-2.090e+00 -4.740e+00
-1.979e+00 -4.744e+00
-1.868e+00 -4.748e+00
-1.757e+00 -4.752e+00
-1.646e+00 -4.756e+00
-1.535e+00 -4.760e+00
-1.424e+00 -4.764e+00
-1.313e+00 -4.768e+00
-1.202e+00 -4.772e+00
-1.091e+00 -4.776e+00
-9.800e-01 -4.780e+00
-8.990e-01 -4.698e+00
-8.180e-01 -4.616e+00
-7.370e-01 -4.534e+00
-6.560e-01 -4.452e+00
-5.750e-01 -4.370e+00
-4.940e-01 -4.288e+00
-4.130e-01 -4.206e+00
-3.320e-01 -4.124e+00
-2.510e-01 -4.042e+00
-1.700e-01 -3.960e+00
-1.500e-01 -3.833e+00
-1.300e-01 -3.706e+00
-1.100e-01 -3.579e+00
-9.000e-02 -3.452e+00
-7.000e-02 -3.325e+00
-5.000e-02 -3.198e+00
-3.000e-02 -3.071e+00
-1.000e-02 -2.944e+00
1.000e-02 -2.817e+00
3.000e-02 -2.690e+00
2.900e-02 -2.527e+00
2.800e-02 -2.364e+00
2.700e-02 -2.201e+00
2.600e-02 -2.038e+00
2.500e-02 -1.875e+00
2.400e-02 -1.712e+00
2.300e-02 -1.549e+00
2.200e-02 -1.386e+00
2.100e-02 -1.223e+00
2.000e-02 -1.060e+00
1.800e-02 -9.540e-01
1.600e-02 -8.480e-01
1.400e-02 -7.420e-01
1.200e-02 -6.360e-01
1.000e-02 -5.300e-01
8.000e-03 -4.240e-01
6.000e-03 -3.180e-01
4.000e-03 -2.120e-01
2.000e-03 -1.060e-01
