0.000e+00 0.000e+00
-7.000e-03 2.040e-01
-1.400e-02 4.080e-01
-2.100e-02 6.120e-01
-2.800e-02 8.160e-01
-3.500e-02 1.020e+00
-4.200e-02 1.224e+00
-4.900e-02 1.428e+00
-5.600e-02 1.632e+00
-6.300e-02 1.836e+00
-7.000e-02 2.040e+00
-8.500e-02 2.247e+00
-1.000e-01 2.454e+00
-1.150e-01 2.661e+00
-1.300e-01 2.868e+00
-1.450e-01 3.075e+00
-1.600e-01 3.282e+00
-1.750e-01 3.489e+00
-1.900e-01 3.696e+00
-2.050e-01 3.903e+00
-2.200e-01 4.110e+00
-2.770e-01 4.286e+00
-3.340e-01 4.462e+00
-3.910e-01 4.638e+00
-4.480e-01 4.814e+00
-5.050e-01 4.990e+00
-5.620e-01 5.166e+00
-6.190e-01 5.342e+00
-6.760e-01 5.518e+00
-7.330e-01 5.694e+00
-7.900e-01 5.870e+00
-8.430e-01 6.017e+00
-8.960e-01 6.164e+00
-9.490e-01 6.311e+00
-1.002e+00 6.458e+00
-1.055e+00 6.605e+00
-1.108e+00 6.752e+00
-1.161e+00 6.899e+00
-1.214e+00 7.046e+00
-1.267e+00 7.193e+00
-1.320e+00 7.340e+00
-1.457e+00 7.420e+00
-1.594e+00 7.500e+00
-1.731e+00 7.580e+00
-1.868e+00 7.660e+00
-2.005e+00 7.740e+00
-2.142e+00 7.820e+00
-2.279e+00 7.900e+00
-2.416e+00 7.980e+00
-2.553e+00 8.060e+00
-2.690e+00 8.140e+00
-2.874e+00 8.207e+00
-3.058e+00 8.274e+00
-3.242e+00 8.341e+00
-3.426e+00 8.408e+00
-3.610e+00 8.475e+00
-3.794e+00 8.542e+00
-3.978e+00 8.609e+00
-4.162e+00 8.676e+00
-4.346e+00 8.743e+00
-4.530e+00 8.810e+00
-4.648e+00 8.864e+00
-4.766e+00 8.918e+00
-4.884e+00 8.972e+00
-5.002e+00 9.026e+00
-5.120e+00 9.080e+00
-5.238e+00 9.134e+00
-5.356e+00 9.188e+00
-5.474e+00 9.242e+00
-5.592e+00 9.296e+00
-5.710e+00 9.350e+00
-5.753e+00 9.471e+00
-5.796e+00 9.592e+00
-5.839e+00 9.713e+00
-5.882e+00 9.834e+00
-5.925e+00 9.955e+00
-5.968e+00 1.008e+01
-6.011e+00 1.020e+01
-6.054e+00 1.032e+01
-6.097e+00 1.044e+01
-6.140e+00 1.056e+01
-6.184e+00 1.079e+01
-6.228e+00 1.101e+01
-6.272e+00 1.123e+01
-6.316e+00 1.146e+01
-6.360e+00 1.169e+01
-6.404e+00 1.191e+01
-6.448e+00 1.214e+01
-6.492e+00 1.236e+01
-6.536e+00 1.258e+01
-6.580e+00 1.281e+01
-6.618e+00 1.304e+01
-6.656e+00 1.327e+01
-6.694e+00 1.350e+01
-6.732e+00 1.373e+01
-6.770e+00 1.396e+01
-6.808e+00 1.418e+01
-6.846e+00 1.441e+01
-6.884e+00 1.464e+01
-6.922e+00 1.487e+01
-6.960e+00 1.510e+01
-7.013e+00 1.529e+01
-7.066e+00 1.549e+01
-7.119e+00 1.568e+01
-7.172e+00 1.588e+01
-7.225e+00 1.607e+01
-7.278e+00 1.626e+01
-7.331e+00 1.646e+01
-7.384e+00 1.665e+01
-7.437e+00 1.685e+01
-7.490e+00 1.704e+01
-7.683e+00 1.711e+01
-7.876e+00 1.718e+01
-8.069e+00 1.724e+01
-8.262e+00 1.731e+01
-8.455e+00 1.738e+01
-8.648e+00 1.745e+01
-8.841e+00 1.752e+01
-9.034e+00 1.758e+01
-9.227e+00 1.765e+01
-9.420e+00 1.772e+01
-9.587e+00 1.773e+01
-9.754e+00 1.774e+01
-9.921e+00 1.776e+01
-1.009e+01 1.777e+01
-1.025e+01 1.778e+01
-1.042e+01 1.779e+01
-1.059e+01 1.780e+01
-1.076e+01 1.782e+01
-1.092e+01 1.783e+01
-1.109e+01 1.784e+01
-1.119e+01 1.778e+01
-1.128e+01 1.772e+01
-1.138e+01 1.765e+01
-1.148e+01 1.759e+01
-1.157e+01 1.753e+01
-1.167e+01 1.747e+01
-1.177e+01 1.741e+01
-1.187e+01 1.734e+01
-1.196e+01 1.728e+01
-1.206e+01 1.722e+01
-1.211e+01 1.709e+01
-1.216e+01 1.696e+01
-1.221e+01 1.683e+01
-1.226e+01 1.670e+01
-1.230e+01 1.657e+01
-1.235e+01 1.644e+01
-1.240e+01 1.631e+01
-1.245e+01 1.618e+01
-1.250e+01 1.605e+01
-1.255e+01 1.592e+01
-1.260e+01 1.568e+01
-1.266e+01 1.544e+01
-1.271e+01 1.519e+01
-1.277e+01 1.495e+01
-1.282e+01 1.471e+01
-1.287e+01 1.447e+01
-1.293e+01 1.423e+01
-1.298e+01 1.398e+01
-1.304e+01 1.374e+01
-1.309e+01 1.350e+01
-1.311e+01 1.326e+01
-1.313e+01 1.301e+01
-1.315e+01 1.277e+01
-1.317e+01 1.252e+01
-1.319e+01 1.228e+01
-1.321e+01 1.204e+01
-1.323e+01 1.179e+01
-1.325e+01 1.155e+01
-1.327e+01 1.130e+01
-1.329e+01 1.106e+01
-1.330e+01 1.082e+01
-1.330e+01 1.058e+01
-1.331e+01 1.034e+01
-1.331e+01 1.010e+01
-1.332e+01 9.860e+00
-1.333e+01 9.620e+00
-1.333e+01 9.380e+00
-1.334e+01 9.140e+00
-1.334e+01 8.900e+00
-1.335e+01 8.660e+00
-1.335e+01 8.418e+00
-1.334e+01 8.176e+00
-1.334e+01 7.934e+00
-1.334e+01 7.692e+00
-1.334e+01 7.450e+00
-1.333e+01 7.208e+00
-1.333e+01 6.966e+00
-1.333e+01 6.724e+00
-1.332e+01 6.482e+00
-1.332e+01 6.240e+00
-1.329e+01 6.073e+00
-1.326e+01 5.906e+00
-1.323e+01 5.739e+00
-1.320e+01 5.572e+00
-1.317e+01 5.405e+00
-1.314e+01 5.238e+00
-1.311e+01 5.071e+00
-1.308e+01 4.904e+00
-1.305e+01 4.737e+00
-1.302e+01 4.570e+00
-1.292e+01 4.445e+00
-1.282e+01 4.320e+00
-1.272e+01 4.195e+00
-1.262e+01 4.070e+00
-1.252e+01 3.945e+00
-1.241e+01 3.820e+00
-1.231e+01 3.695e+00
-1.221e+01 3.570e+00
-1.211e+01 3.445e+00
-1.201e+01 3.320e+00
-1.188e+01 3.207e+00
-1.175e+01 3.094e+00
-1.161e+01 2.981e+00
-1.148e+01 2.868e+00
-1.135e+01 2.755e+00
-1.122e+01 2.642e+00
-1.109e+01 2.529e+00
-1.095e+01 2.416e+00
-1.082e+01 2.303e+00
-1.069e+01 2.190e+00
-1.054e+01 2.091e+00
-1.039e+01 1.992e+00
-1.023e+01 1.893e+00
-1.008e+01 1.794e+00
-9.930e+00 1.695e+00
-9.778e+00 1.596e+00
-9.626e+00 1.497e+00
-9.474e+00 1.398e+00
-9.322e+00 1.299e+00
-9.170e+00 1.200e+00
-9.082e+00 1.061e+00
-8.994e+00 9.220e-01
-8.906e+00 7.830e-01
-8.818e+00 6.440e-01
-8.730e+00 5.050e-01
-8.642e+00 3.660e-01
-8.554e+00 2.270e-01
-8.466e+00 8.800e-02
-8.378e+00 -5.100e-02
-8.290e+00 -1.900e-01
-8.265e+00 -4.220e-01
-8.240e+00 -6.540e-01
-8.215e+00 -8.860e-01
-8.190e+00 -1.118e+00
-8.165e+00 -1.350e+00
-8.140e+00 -1.582e+00
-8.115e+00 -1.814e+00
-8.090e+00 -2.046e+00
-8.065e+00 -2.278e+00
-8.040e+00 -2.510e+00
-8.013e+00 -2.718e+00
-7.986e+00 -2.926e+00
-7.959e+00 -3.134e+00
-7.932e+00 -3.342e+00
-7.905e+00 -3.550e+00
-7.878e+00 -3.758e+00
-7.851e+00 -3.966e+00
-7.824e+00 -4.174e+00
-7.797e+00 -4.382e+00
-7.770e+00 -4.590e+00
-7.760e+00 -4.818e+00
-7.750e+00 -5.046e+00
-7.740e+00 -5.274e+00
-7.730e+00 -5.502e+00
-7.720e+00 -5.730e+00
-7.710e+00 -5.958e+00
-7.700e+00 -6.186e+00
-7.690e+00 -6.414e+00
-7.680e+00 -6.642e+00
-7.670e+00 -6.870e+00
-7.679e+00 -7.076e+00
-7.688e+00 -7.282e+00
-7.697e+00 -7.488e+00
-7.706e+00 -7.694e+00
-7.715e+00 -7.900e+00
-7.724e+00 -8.106e+00
-7.733e+00 -8.312e+00
-7.742e+00 -8.518e+00
-7.751e+00 -8.724e+00
-7.760e+00 -8.930e+00
-7.715e+00 -9.076e+00
-7.670e+00 -9.222e+00
-7.625e+00 -9.368e+00
-7.580e+00 -9.514e+00
-7.535e+00 -9.660e+00
-7.490e+00 -9.806e+00
-7.445e+00 -9.952e+00
-7.400e+00 -1.010e+01
-7.355e+00 -1.024e+01
-7.310e+00 -1.039e+01
-7.247e+00 -1.050e+01
-7.184e+00 -1.060e+01
-7.121e+00 -1.071e+01
-7.058e+00 -1.081e+01
-6.995e+00 -1.091e+01
-6.932e+00 -1.102e+01
-6.869e+00 -1.112e+01
-6.806e+00 -1.123e+01
-6.743e+00 -1.133e+01
-6.680e+00 -1.144e+01
-6.584e+00 -1.157e+01
-6.488e+00 -1.170e+01
-6.392e+00 -1.183e+01
-6.296e+00 -1.196e+01
-6.200e+00 -1.209e+01
-6.104e+00 -1.223e+01
-6.008e+00 -1.236e+01
-5.912e+00 -1.249e+01
-5.816e+00 -1.262e+01
-5.720e+00 -1.275e+01
-5.628e+00 -1.284e+01
-5.536e+00 -1.292e+01
-5.444e+00 -1.301e+01
-5.352e+00 -1.310e+01
-5.260e+00 -1.318e+01
-5.168e+00 -1.327e+01
-5.076e+00 -1.336e+01
-4.984e+00 -1.345e+01
-4.892e+00 -1.353e+01
-4.800e+00 -1.362e+01
-4.702e+00 -1.360e+01
-4.604e+00 -1.357e+01
-4.506e+00 -1.355e+01
-4.408e+00 -1.353e+01
-4.310e+00 -1.350e+01
-4.212e+00 -1.348e+01
-4.114e+00 -1.346e+01
-4.016e+00 -1.344e+01
-3.918e+00 -1.341e+01
-3.820e+00 -1.339e+01
-3.692e+00 -1.331e+01
-3.564e+00 -1.322e+01
-3.436e+00 -1.314e+01
-3.308e+00 -1.306e+01
-3.180e+00 -1.298e+01
-3.052e+00 -1.289e+01
-2.924e+00 -1.281e+01
-2.796e+00 -1.273e+01
-2.668e+00 -1.264e+01
-2.540e+00 -1.256e+01
-2.431e+00 -1.244e+01
-2.322e+00 -1.232e+01
-2.213e+00 -1.220e+01
-2.104e+00 -1.208e+01
-1.995e+00 -1.196e+01
-1.886e+00 -1.184e+01
-1.777e+00 -1.172e+01
-1.668e+00 -1.160e+01
-1.559e+00 -1.148e+01
-1.450e+00 -1.136e+01
-1.347e+00 -1.123e+01
-1.244e+00 -1.111e+01
-1.141e+00 -1.098e+01
-1.038e+00 -1.086e+01
-9.350e-01 -1.073e+01
-8.320e-01 -1.061e+01
-7.290e-01 -1.048e+01
-6.260e-01 -1.036e+01
-5.230e-01 -1.023e+01
-4.200e-01 -1.011e+01
-4.130e-01 -9.972e+00
-4.060e-01 -9.834e+00
-3.990e-01 -9.696e+00
-3.920e-01 -9.558e+00
-3.850e-01 -9.420e+00
-3.780e-01 -9.282e+00
-3.710e-01 -9.144e+00
-3.640e-01 -9.006e+00
-3.570e-01 -8.868e+00
-3.500e-01 -8.730e+00
-3.470e-01 -8.450e+00
-3.440e-01 -8.170e+00
-3.410e-01 -7.890e+00
-3.380e-01 -7.610e+00
-3.350e-01 -7.330e+00
-3.320e-01 -7.050e+00
-3.290e-01 -6.770e+00
-3.260e-01 -6.490e+00
-3.230e-01 -6.210e+00
-3.200e-01 -5.930e+00
-3.130e-01 -5.634e+00
-3.060e-01 -5.338e+00
-2.990e-01 -5.042e+00
-2.920e-01 -4.746e+00
-2.850e-01 -4.450e+00
-2.780e-01 -4.154e+00
-2.710e-01 -3.858e+00
-2.640e-01 -3.562e+00
-2.570e-01 -3.266e+00
-2.500e-01 -2.970e+00
-2.250e-01 -2.673e+00
-2.000e-01 -2.376e+00
-1.750e-01 -2.079e+00
-1.500e-01 -1.782e+00
-1.250e-01 -1.485e+00
-1.000e-01 -1.188e+00
-7.500e-02 -8.910e-01
-5.000e-02 -5.940e-01
-2.500e-02 -2.970e-01
